Cards Suited Num pla. Prob
2 2 0 2 0.5082
2 2 0 3 0.315
2 2 0 4 0.2188
2 2 0 5 0.17825
2 2 0 6 0.14735
2 2 0 7 0.1351
2 2 0 8 0.1397
2 2 0 9 0.12975
2 2 0 10 0.12125
2 3 0 2 0.3315
2 3 1 2 0.37015
2 3 0 3 0.2082
2 3 1 3 0.24995
2 3 0 4 0.14205
2 3 1 4 0.18645
2 3 0 5 0.11015
2 3 1 5 0.1511
2 3 0 6 0.08635
2 3 1 6 0.12895
2 3 0 7 0.07495
2 3 1 7 0.1163
2 3 0 8 0.06885
2 3 1 8 0.11015
2 3 0 9 0.0627
2 3 1 9 0.10455
2 3 0 10 0.06085
2 3 1 10 0.09855
2 4 0 2 0.3301
2 4 1 2 0.36755
2 4 0 3 0.2085
2 4 1 3 0.25525
2 4 0 4 0.1601
2 4 1 4 0.19625
2 4 0 5 0.1195
2 4 1 5 0.17215
2 4 0 6 0.09195
2 4 1 6 0.13895
2 4 0 7 0.0809
2 4 1 7 0.1163
2 4 0 8 0.0725
2 4 1 8 0.11295
2 4 0 9 0.0677
2 4 1 9 0.10765
2 4 0 10 0.06415
2 4 1 10 0.1035
2 5 0 2 0.3406
2 5 1 2 0.38455
2 5 0 3 0.2167
2 5 1 3 0.2586
2 5 0 4 0.16355
2 5 1 4 0.21115
2 5 0 5 0.12665
2 5 1 5 0.16725
2 5 0 6 0.1009
2 5 1 6 0.1422
2 5 0 7 0.0848
2 5 1 7 0.11825
2 5 0 8 0.07675
2 5 1 8 0.1113
2 5 0 9 0.0714
2 5 1 9 0.1116
2 5 0 10 0.0704
2 5 1 10 0.10175
2 6 0 2 0.33535
2 6 1 2 0.37365
2 6 0 3 0.20505
2 6 1 3 0.249
2 6 0 4 0.1466
2 6 1 4 0.19685
2 6 0 5 0.11395
2 6 1 5 0.15755
2 6 0 6 0.09585
2 6 1 6 0.14025
2 6 0 7 0.0767
2 6 1 7 0.11435
2 6 0 8 0.0692
2 6 1 8 0.11065
2 6 0 9 0.06
2 6 1 9 0.102
2 6 0 10 0.0557
2 6 1 10 0.09595
2 7 0 2 0.3466
2 7 1 2 0.3716
2 7 0 3 0.20085
2 7 1 3 0.2447
2 7 0 4 0.14725
2 7 1 4 0.196
2 7 0 5 0.1116
2 7 1 5 0.1565
2 7 0 6 0.08725
2 7 1 6 0.12925
2 7 0 7 0.06565
2 7 1 7 0.11435
2 7 0 8 0.0617
2 7 1 8 0.09375
2 7 0 9 0.0578
2 7 1 9 0.0901
2 7 0 10 0.0531
2 7 1 10 0.09665
2 8 0 2 0.36155
2 8 1 2 0.3929
2 8 0 3 0.2138
2 8 1 3 0.26115
2 8 0 4 0.15235
2 8 1 4 0.19345
2 8 0 5 0.1126
2 8 1 5 0.15955
2 8 0 6 0.09435
2 8 1 6 0.13385
2 8 0 7 0.07595
2 8 1 7 0.118
2 8 0 8 0.0684
2 8 1 8 0.1068
2 8 0 9 0.05285
2 8 1 9 0.09185
2 8 0 10 0.05095
2 8 1 10 0.08945
2 9 0 2 0.38905
2 9 1 2 0.41905
2 9 0 3 0.23845
2 9 1 3 0.27085
2 9 0 4 0.1569
2 9 1 4 0.2044
2 9 0 5 0.12475
2 9 1 5 0.17045
2 9 0 6 0.10415
2 9 1 6 0.14115
2 9 0 7 0.08385
2 9 1 7 0.1255
2 9 0 8 0.06935
2 9 1 8 0.11085
2 9 0 9 0.0639
2 9 1 9 0.1036
2 9 0 10 0.0502
2 9 1 10 0.0936
2 10 0 2 0.4173
2 10 1 2 0.45105
2 10 0 3 0.24055
2 10 1 3 0.28545
2 10 0 4 0.16735
2 10 1 4 0.22165
2 10 0 5 0.12865
2 10 1 5 0.1776
2 10 0 6 0.10415
2 10 1 6 0.15325
2 10 0 7 0.08925
2 10 1 7 0.1277
2 10 0 8 0.08065
2 10 1 8 0.12155
2 10 0 9 0.06645
2 10 1 9 0.10545
2 10 0 10 0.0569
2 10 1 10 0.1009
2 11 0 2 0.44935
2 11 1 2 0.47555
2 11 0 3 0.2646
2 11 1 3 0.31225
2 11 0 4 0.18395
2 11 1 4 0.23155
2 11 0 5 0.14025
2 11 1 5 0.1818
2 11 0 6 0.11545
2 11 1 6 0.1547
2 11 0 7 0.1013
2 11 1 7 0.13615
2 11 0 8 0.0842
2 11 1 8 0.1291
2 11 0 9 0.0744
2 11 1 9 0.1175
2 11 0 10 0.05775
2 11 1 10 0.10695
2 12 0 2 0.4712
2 12 1 2 0.5086
2 12 0 3 0.28025
2 12 1 3 0.33045
2 12 0 4 0.1961
2 12 1 4 0.2323
2 12 0 5 0.15295
2 12 1 5 0.19325
2 12 0 6 0.1272
2 12 1 6 0.16495
2 12 0 7 0.1053
2 12 1 7 0.15545
2 12 0 8 0.09435
2 12 1 8 0.1333
2 12 0 9 0.08145
2 12 1 9 0.12445
2 12 0 10 0.0674
2 12 1 10 0.1108
2 13 0 2 0.5035
2 13 1 2 0.5334
2 13 0 3 0.31215
2 13 1 3 0.3539
2 13 0 4 0.2237
2 13 1 4 0.2634
2 13 0 5 0.16425
2 13 1 5 0.2168
2 13 0 6 0.133
2 13 1 6 0.18245
2 13 0 7 0.11285
2 13 1 7 0.159
2 13 0 8 0.1086
2 13 1 8 0.15135
2 13 0 9 0.0892
2 13 1 9 0.13345
2 13 0 10 0.08055
2 13 1 10 0.12885
2 14 0 2 0.55045
2 14 1 2 0.57305
2 14 0 3 0.358
2 14 1 3 0.4041
2 14 0 4 0.2636
2 14 1 4 0.29945
2 14 0 5 0.19455
2 14 1 5 0.24095
2 14 0 6 0.1532
2 14 1 6 0.2043
2 14 0 7 0.1343
2 14 1 7 0.1784
2 14 0 8 0.1209
2 14 1 8 0.1623
2 14 0 9 0.10775
2 14 1 9 0.14825
2 14 0 10 0.09875
2 14 1 10 0.1379
3 3 0 2 0.53145
3 3 0 3 0.3406
3 3 0 4 0.24495
3 3 0 5 0.199
3 3 0 6 0.14955
3 3 0 7 0.1389
3 3 0 8 0.13515
3 3 0 9 0.1263
3 3 0 10 0.12155
3 4 0 2 0.3443
3 4 1 2 0.3788
3 4 0 3 0.23675
3 4 1 3 0.2687
3 4 0 4 0.17105
3 4 1 4 0.2131
3 4 0 5 0.13135
3 4 1 5 0.16765
3 4 0 6 0.10985
3 4 1 6 0.1456
3 4 0 7 0.0856
3 4 1 7 0.13115
3 4 0 8 0.08185
3 4 1 8 0.1231
3 4 0 9 0.07365
3 4 1 9 0.11755
3 4 0 10 0.0743
3 4 1 10 0.1114
3 5 0 2 0.359
3 5 1 2 0.3902
3 5 0 3 0.2387
3 5 1 3 0.2843
3 5 0 4 0.1807
3 5 1 4 0.2269
3 5 0 5 0.14185
3 5 1 5 0.1858
3 5 0 6 0.11475
3 5 1 6 0.1554
3 5 0 7 0.09885
3 5 1 7 0.13565
3 5 0 8 0.08955
3 5 1 8 0.1268
3 5 0 9 0.0806
3 5 1 9 0.1238
3 5 0 10 0.0806
3 5 1 10 0.118
3 6 0 2 0.3472
3 6 1 2 0.38835
3 6 0 3 0.22965
3 6 1 3 0.27165
3 6 0 4 0.1719
3 6 1 4 0.2106
3 6 0 5 0.1378
3 6 1 5 0.17835
3 6 0 6 0.1089
3 6 1 6 0.1478
3 6 0 7 0.0863
3 6 1 7 0.13335
3 6 0 8 0.07725
3 6 1 8 0.1192
3 6 0 9 0.06975
3 6 1 9 0.10925
3 6 0 10 0.0647
3 6 1 10 0.10285
3 7 0 2 0.3627
3 7 1 2 0.3955
3 7 0 3 0.2258
3 7 1 3 0.25905
3 7 0 4 0.1722
3 7 1 4 0.2106
3 7 0 5 0.1327
3 7 1 5 0.1704
3 7 0 6 0.1028
3 7 1 6 0.1425
3 7 0 7 0.08105
3 7 1 7 0.12055
3 7 0 8 0.0751
3 7 1 8 0.1123
3 7 0 9 0.0617
3 7 1 9 0.10475
3 7 0 10 0.0607
3 7 1 10 0.101
3 8 0 2 0.36215
3 8 1 2 0.40485
3 8 0 3 0.2227
3 8 1 3 0.26025
3 8 0 4 0.15875
3 8 1 4 0.20155
3 8 0 5 0.12875
3 8 1 5 0.1713
3 8 0 6 0.0946
3 8 1 6 0.1374
3 8 0 7 0.0793
3 8 1 7 0.1222
3 8 0 8 0.06585
3 8 1 8 0.1064
3 8 0 9 0.0579
3 8 1 9 0.10155
3 8 0 10 0.05135
3 8 1 10 0.0932
3 9 0 2 0.3982
3 9 1 2 0.43085
3 9 0 3 0.23865
3 9 1 3 0.27995
3 9 0 4 0.16505
3 9 1 4 0.21325
3 9 0 5 0.13005
3 9 1 5 0.1708
3 9 0 6 0.1052
3 9 1 6 0.14715
3 9 0 7 0.09025
3 9 1 7 0.1326
3 9 0 8 0.07045
3 9 1 8 0.1124
3 9 0 9 0.0625
3 9 1 9 0.10465
3 9 0 10 0.05555
3 9 1 10 0.0995
3 10 0 2 0.43745
3 10 1 2 0.4602
3 10 0 3 0.2495
3 10 1 3 0.29125
3 10 0 4 0.1807
3 10 1 4 0.21745
3 10 0 5 0.14015
3 10 1 5 0.1843
3 10 0 6 0.1051
3 10 1 6 0.1504
3 10 0 7 0.0908
3 10 1 7 0.1341
3 10 0 8 0.07715
3 10 1 8 0.1202
3 10 0 9 0.07155
3 10 1 9 0.10735
3 10 0 10 0.05805
3 10 1 10 0.101
3 11 0 2 0.44425
3 11 1 2 0.48795
3 11 0 3 0.267
3 11 1 3 0.31425
3 11 0 4 0.19225
3 11 1 4 0.23885
3 11 0 5 0.1432
3 11 1 5 0.186
3 11 0 6 0.1215
3 11 1 6 0.1619
3 11 0 7 0.10255
3 11 1 7 0.1473
3 11 0 8 0.08075
3 11 1 8 0.13135
3 11 0 9 0.07475
3 11 1 9 0.1119
3 11 0 10 0.0603
3 11 1 10 0.1008
3 12 0 2 0.4794
3 12 1 2 0.5171
3 12 0 3 0.3014
3 12 1 3 0.33275
3 12 0 4 0.20355
3 12 1 4 0.2543
3 12 0 5 0.16115
3 12 1 5 0.20025
3 12 0 6 0.13075
3 12 1 6 0.17285
3 12 0 7 0.10735
3 12 1 7 0.1515
3 12 0 8 0.08955
3 12 1 8 0.13555
3 12 0 9 0.0853
3 12 1 9 0.1314
3 12 0 10 0.0727
3 12 1 10 0.11885
3 13 0 2 0.51335
3 13 1 2 0.55095
3 13 0 3 0.32385
3 13 1 3 0.3682
3 13 0 4 0.2281
3 13 1 4 0.2752
3 13 0 5 0.1707
3 13 1 5 0.2202
3 13 0 6 0.13425
3 13 1 6 0.18525
3 13 0 7 0.12205
3 13 1 7 0.17
3 13 0 8 0.101
3 13 1 8 0.1425
3 13 0 9 0.0959
3 13 1 9 0.13645
3 13 0 10 0.0796
3 13 1 10 0.12485
3 14 0 2 0.55335
3 14 1 2 0.5798
3 14 0 3 0.3661
3 14 1 3 0.39915
3 14 0 4 0.2691
3 14 1 4 0.3167
3 14 0 5 0.2043
3 14 1 5 0.2462
3 14 0 6 0.15895
3 14 1 6 0.2068
3 14 0 7 0.1396
3 14 1 7 0.1914
3 14 0 8 0.125
3 14 1 8 0.1755
3 14 0 9 0.11545
3 14 1 9 0.15705
3 14 0 10 0.10045
3 14 1 10 0.14685
4 4 0 2 0.56405
4 4 0 3 0.365
4 4 0 4 0.2722
4 4 0 5 0.2141
4 4 0 6 0.1707
4 4 0 7 0.1431
4 4 0 8 0.1324
4 4 0 9 0.13265
4 4 0 10 0.12325
4 5 0 2 0.36685
4 5 1 2 0.40495
4 5 0 3 0.25735
4 5 1 3 0.3022
4 5 0 4 0.20185
4 5 1 4 0.2344
4 5 0 5 0.15975
4 5 1 5 0.1941
4 5 0 6 0.1264
4 5 1 6 0.16785
4 5 0 7 0.1034
4 5 1 7 0.14285
4 5 0 8 0.0934
4 5 1 8 0.1334
4 5 0 9 0.0922
4 5 1 9 0.1218
4 5 0 10 0.0842
4 5 1 10 0.11975
4 6 0 2 0.3625
4 6 1 2 0.39755
4 6 0 3 0.2472
4 6 1 3 0.2901
4 6 0 4 0.1889
4 6 1 4 0.2292
4 6 0 5 0.15125
4 6 1 5 0.1865
4 6 0 6 0.12405
4 6 1 6 0.1607
4 6 0 7 0.10045
4 6 1 7 0.1376
4 6 0 8 0.08915
4 6 1 8 0.13145
4 6 0 9 0.0854
4 6 1 9 0.1189
4 6 0 10 0.0761
4 6 1 10 0.11535
4 7 0 2 0.3678
4 7 1 2 0.40615
4 7 0 3 0.2433
4 7 1 3 0.2779
4 7 0 4 0.1816
4 7 1 4 0.223
4 7 0 5 0.1427
4 7 1 5 0.18665
4 7 0 6 0.11365
4 7 1 6 0.16765
4 7 0 7 0.10115
4 7 1 7 0.13645
4 7 0 8 0.08285
4 7 1 8 0.1225
4 7 0 9 0.082
4 7 1 9 0.1126
4 7 0 10 0.0706
4 7 1 10 0.10765
4 8 0 2 0.3853
4 8 1 2 0.4246
4 8 0 3 0.2376
4 8 1 3 0.28895
4 8 0 4 0.17735
4 8 1 4 0.2249
4 8 0 5 0.1395
4 8 1 5 0.1876
4 8 0 6 0.1148
4 8 1 6 0.1514
4 8 0 7 0.0868
4 8 1 7 0.13325
4 8 0 8 0.074
4 8 1 8 0.10995
4 8 0 9 0.0648
4 8 1 9 0.1076
4 8 0 10 0.06375
4 8 1 10 0.09615
4 9 0 2 0.40555
4 9 1 2 0.43375
4 9 0 3 0.24105
4 9 1 3 0.28425
4 9 0 4 0.1735
4 9 1 4 0.2157
4 9 0 5 0.1389
4 9 1 5 0.18445
4 9 0 6 0.1063
4 9 1 6 0.1491
4 9 0 7 0.08905
4 9 1 7 0.1244
4 9 0 8 0.0752
4 9 1 8 0.1223
4 9 0 9 0.066
4 9 1 9 0.1039
4 9 0 10 0.0593
4 9 1 10 0.09595
4 10 0 2 0.43155
4 10 1 2 0.4674
4 10 0 3 0.2629
4 10 1 3 0.3006
4 10 0 4 0.18855
4 10 1 4 0.2284
4 10 0 5 0.1459
4 10 1 5 0.18795
4 10 0 6 0.11555
4 10 1 6 0.1629
4 10 0 7 0.09945
4 10 1 7 0.13615
4 10 0 8 0.08685
4 10 1 8 0.12015
4 10 0 9 0.07185
4 10 1 9 0.11355
4 10 0 10 0.0614
4 10 1 10 0.10225
4 11 0 2 0.46155
4 11 1 2 0.49025
4 11 0 3 0.28735
4 11 1 3 0.32365
4 11 0 4 0.1994
4 11 1 4 0.23505
4 11 0 5 0.15265
4 11 1 5 0.1994
4 11 0 6 0.1248
4 11 1 6 0.1734
4 11 0 7 0.1046
4 11 1 7 0.147
4 11 0 8 0.0918
4 11 1 8 0.1299
4 11 0 9 0.07715
4 11 1 9 0.1227
4 11 0 10 0.07045
4 11 1 10 0.10735
4 12 0 2 0.4883
4 12 1 2 0.5148
4 12 0 3 0.3052
4 12 1 3 0.3482
4 12 0 4 0.21805
4 12 1 4 0.2623
4 12 0 5 0.1583
4 12 1 5 0.21045
4 12 0 6 0.1345
4 12 1 6 0.1806
4 12 0 7 0.10905
4 12 1 7 0.1598
4 12 0 8 0.09865
4 12 1 8 0.1447
4 12 0 9 0.0864
4 12 1 9 0.1304
4 12 0 10 0.07485
4 12 1 10 0.11785
4 13 0 2 0.5275
4 13 1 2 0.5502
4 13 0 3 0.3243
4 13 1 3 0.3732
4 13 0 4 0.23595
4 13 1 4 0.2835
4 13 0 5 0.18105
4 13 1 5 0.22405
4 13 0 6 0.14325
4 13 1 6 0.1872
4 13 0 7 0.1235
4 13 1 7 0.1673
4 13 0 8 0.10645
4 13 1 8 0.15355
4 13 0 9 0.0973
4 13 1 9 0.1388
4 13 0 10 0.0808
4 13 1 10 0.1278
4 14 0 2 0.56095
4 14 1 2 0.58825
4 14 0 3 0.37155
4 14 1 3 0.41285
4 14 0 4 0.2761
4 14 1 4 0.31805
4 14 0 5 0.21385
4 14 1 5 0.25725
4 14 0 6 0.1684
4 14 1 6 0.2169
4 14 0 7 0.14215
4 14 1 7 0.18755
4 14 0 8 0.12315
4 14 1 8 0.18
4 14 0 9 0.11785
4 14 1 9 0.16285
4 14 0 10 0.10775
4 14 1 10 0.1479
5 5 0 2 0.58925
5 5 0 3 0.4002
5 5 0 4 0.2964
5 5 0 5 0.2387
5 5 0 6 0.18515
5 5 0 7 0.15185
5 5 0 8 0.14385
5 5 0 9 0.13135
5 5 0 10 0.1283
5 6 0 2 0.37635
5 6 1 2 0.42565
5 6 0 3 0.26535
5 6 1 3 0.3058
5 6 0 4 0.21145
5 6 1 4 0.25195
5 6 0 5 0.1696
5 6 1 5 0.21215
5 6 0 6 0.12975
5 6 1 6 0.17245
5 6 0 7 0.11155
5 6 1 7 0.15395
5 6 0 8 0.09515
5 6 1 8 0.1426
5 6 0 9 0.09635
5 6 1 9 0.1221
5 6 0 10 0.0906
5 6 1 10 0.1234
5 7 0 2 0.3866
5 7 1 2 0.4312
5 7 0 3 0.2693
5 7 1 3 0.2991
5 7 0 4 0.19655
5 7 1 4 0.2384
5 7 0 5 0.1629
5 7 1 5 0.1997
5 7 0 6 0.13215
5 7 1 6 0.1754
5 7 0 7 0.1113
5 7 1 7 0.1478
5 7 0 8 0.0914
5 7 1 8 0.13145
5 7 0 9 0.09115
5 7 1 9 0.1184
5 7 0 10 0.0793
5 7 1 10 0.1147
5 8 0 2 0.4003
5 8 1 2 0.43065
5 8 0 3 0.25845
5 8 1 3 0.3102
5 8 0 4 0.1947
5 8 1 4 0.2314
5 8 0 5 0.15325
5 8 1 5 0.2036
5 8 0 6 0.1287
5 8 1 6 0.16475
5 8 0 7 0.10725
5 8 1 7 0.1463
5 8 0 8 0.0905
5 8 1 8 0.123
5 8 0 9 0.081
5 8 1 9 0.11485
5 8 0 10 0.0758
5 8 1 10 0.11125
5 9 0 2 0.4186
5 9 1 2 0.452
5 9 0 3 0.25485
5 9 1 3 0.30285
5 9 0 4 0.18935
5 9 1 4 0.2379
5 9 0 5 0.15105
5 9 1 5 0.1958
5 9 0 6 0.12375
5 9 1 6 0.16685
5 9 0 7 0.098
5 9 1 7 0.1406
5 9 0 8 0.0881
5 9 1 8 0.1254
5 9 0 9 0.0698
5 9 1 9 0.11185
5 9 0 10 0.064
5 9 1 10 0.1035
5 10 0 2 0.43625
5 10 1 2 0.4616
5 10 0 3 0.2724
5 10 1 3 0.30045
5 10 0 4 0.19835
5 10 1 4 0.231
5 10 0 5 0.15105
5 10 1 5 0.2014
5 10 0 6 0.12335
5 10 1 6 0.1731
5 10 0 7 0.1
5 10 1 7 0.14415
5 10 0 8 0.08115
5 10 1 8 0.12385
5 10 0 9 0.07025
5 10 1 9 0.11475
5 10 0 10 0.06765
5 10 1 10 0.10665
5 11 0 2 0.47305
5 11 1 2 0.49435
5 11 0 3 0.28955
5 11 1 3 0.328
5 11 0 4 0.20875
5 11 1 4 0.24185
5 11 0 5 0.1574
5 11 1 5 0.20665
5 11 0 6 0.1325
5 11 1 6 0.1751
5 11 0 7 0.10315
5 11 1 7 0.1473
5 11 0 8 0.08995
5 11 1 8 0.1337
5 11 0 9 0.08545
5 11 1 9 0.1248
5 11 0 10 0.06595
5 11 1 10 0.10855
5 12 0 2 0.50185
5 12 1 2 0.52495
5 12 0 3 0.3184
5 12 1 3 0.35325
5 12 0 4 0.22515
5 12 1 4 0.26165
5 12 0 5 0.1806
5 12 1 5 0.20905
5 12 0 6 0.1416
5 12 1 6 0.1708
5 12 0 7 0.10975
5 12 1 7 0.1565
5 12 0 8 0.09475
5 12 1 8 0.14515
5 12 0 9 0.0864
5 12 1 9 0.12905
5 12 0 10 0.07555
5 12 1 10 0.1165
5 13 0 2 0.53505
5 13 1 2 0.55905
5 13 0 3 0.3442
5 13 1 3 0.38155
5 13 0 4 0.2476
5 13 1 4 0.28635
5 13 0 5 0.1868
5 13 1 5 0.23055
5 13 0 6 0.1472
5 13 1 6 0.20625
5 13 0 7 0.12515
5 13 1 7 0.17645
5 13 0 8 0.1115
5 13 1 8 0.15565
5 13 0 9 0.09415
5 13 1 9 0.13785
5 13 0 10 0.08565
5 13 1 10 0.13245
5 14 0 2 0.57595
5 14 1 2 0.60075
5 14 0 3 0.39075
5 14 1 3 0.42215
5 14 0 4 0.27925
5 14 1 4 0.32715
5 14 0 5 0.21925
5 14 1 5 0.25735
5 14 0 6 0.17615
5 14 1 6 0.22435
5 14 0 7 0.1436
5 14 1 7 0.1909
5 14 0 8 0.1377
5 14 1 8 0.1769
5 14 0 9 0.1184
5 14 1 9 0.1632
5 14 0 10 0.10535
5 14 1 10 0.14835
6 6 0 2 0.63035
6 6 0 3 0.4232
6 6 0 4 0.3157
6 6 0 5 0.25065
6 6 0 6 0.2051
6 6 0 7 0.1721
6 6 0 8 0.15255
6 6 0 9 0.12795
6 6 0 10 0.1345
6 7 0 2 0.41015
6 7 1 2 0.4477
6 7 0 3 0.2673
6 7 1 3 0.3088
6 7 0 4 0.212
6 7 1 4 0.25565
6 7 0 5 0.1758
6 7 1 5 0.2071
6 7 0 6 0.15095
6 7 1 6 0.18545
6 7 0 7 0.11885
6 7 1 7 0.15925
6 7 0 8 0.1082
6 7 1 8 0.1433
6 7 0 9 0.09255
6 7 1 9 0.1278
6 7 0 10 0.0939
6 7 1 10 0.12405
6 8 0 2 0.4173
6 8 1 2 0.45045
6 8 0 3 0.2714
6 8 1 3 0.3176
6 8 0 4 0.22125
6 8 1 4 0.2486
6 8 0 5 0.1781
6 8 1 5 0.21505
6 8 0 6 0.14195
6 8 1 6 0.1924
6 8 0 7 0.1136
6 8 1 7 0.1655
6 8 0 8 0.09985
6 8 1 8 0.13495
6 8 0 9 0.0882
6 8 1 9 0.13045
6 8 0 10 0.08665
6 8 1 10 0.1256
6 9 0 2 0.4392
6 9 1 2 0.46845
6 9 0 3 0.27325
6 9 1 3 0.30995
6 9 0 4 0.209
6 9 1 4 0.24815
6 9 0 5 0.172
6 9 1 5 0.21945
6 9 0 6 0.14445
6 9 1 6 0.1818
6 9 0 7 0.11465
6 9 1 7 0.15205
6 9 0 8 0.09125
6 9 1 8 0.14035
6 9 0 9 0.0801
6 9 1 9 0.1195
6 9 0 10 0.0766
6 9 1 10 0.1107
6 10 0 2 0.4578
6 10 1 2 0.4896
6 10 0 3 0.28725
6 10 1 3 0.3168
6 10 0 4 0.20655
6 10 1 4 0.2482
6 10 0 5 0.1693
6 10 1 5 0.2134
6 10 0 6 0.1372
6 10 1 6 0.17995
6 10 0 7 0.11735
6 10 1 7 0.15925
6 10 0 8 0.0969
6 10 1 8 0.1414
6 10 0 9 0.0833
6 10 1 9 0.1253
6 10 0 10 0.07155
6 10 1 10 0.1143
6 11 0 2 0.4755
6 11 1 2 0.5076
6 11 0 3 0.29235
6 11 1 3 0.32675
6 11 0 4 0.2118
6 11 1 4 0.2491
6 11 0 5 0.1642
6 11 1 5 0.2095
6 11 0 6 0.14435
6 11 1 6 0.1752
6 11 0 7 0.11375
6 11 1 7 0.15275
6 11 0 8 0.09465
6 11 1 8 0.1376
6 11 0 9 0.08075
6 11 1 9 0.11875
6 11 0 10 0.06985
6 11 1 10 0.1121
6 12 0 2 0.5052
6 12 1 2 0.53705
6 12 0 3 0.32515
6 12 1 3 0.3642
6 12 0 4 0.2297
6 12 1 4 0.27985
6 12 0 5 0.1721
6 12 1 5 0.2226
6 12 0 6 0.14215
6 12 1 6 0.19315
6 12 0 7 0.1182
6 12 1 7 0.17085
6 12 0 8 0.10185
6 12 1 8 0.1468
6 12 0 9 0.0902
6 12 1 9 0.13395
6 12 0 10 0.0778
6 12 1 10 0.1213
6 13 0 2 0.5421
6 13 1 2 0.56505
6 13 0 3 0.3512
6 13 1 3 0.38915
6 13 0 4 0.25425
6 13 1 4 0.2875
6 13 0 5 0.19455
6 13 1 5 0.2351
6 13 0 6 0.1578
6 13 1 6 0.20145
6 13 0 7 0.1379
6 13 1 7 0.1759
6 13 0 8 0.11885
6 13 1 8 0.15165
6 13 0 9 0.09875
6 13 1 9 0.1444
6 13 0 10 0.0849
6 13 1 10 0.13825
6 14 0 2 0.56725
6 14 1 2 0.5951
6 14 0 3 0.3662
6 14 1 3 0.4027
6 14 0 4 0.2791
6 14 1 4 0.3195
6 14 0 5 0.20835
6 14 1 5 0.25325
6 14 0 6 0.17795
6 14 1 6 0.2169
6 14 0 7 0.1445
6 14 1 7 0.19115
6 14 0 8 0.1299
6 14 1 8 0.17675
6 14 0 9 0.11065
6 14 1 9 0.15165
6 14 0 10 0.0988
6 14 1 10 0.14795
7 7 0 2 0.64735
7 7 0 3 0.4515
7 7 0 4 0.34645
7 7 0 5 0.27445
7 7 0 6 0.2256
7 7 0 7 0.1972
7 7 0 8 0.1559
7 7 0 9 0.1475
7 7 0 10 0.1341
7 8 0 2 0.43665
7 8 1 2 0.4654
7 8 0 3 0.29125
7 8 1 3 0.33015
7 8 0 4 0.224
7 8 1 4 0.26345
7 8 0 5 0.1866
7 8 1 5 0.23245
7 8 0 6 0.15375
7 8 1 6 0.20255
7 8 0 7 0.1315
7 8 1 7 0.1709
7 8 0 8 0.117
7 8 1 8 0.1434
7 8 0 9 0.1022
7 8 1 9 0.13435
7 8 0 10 0.092
7 8 1 10 0.12845
7 9 0 2 0.45485
7 9 1 2 0.47915
7 9 0 3 0.2946
7 9 1 3 0.33745
7 9 0 4 0.2265
7 9 1 4 0.2652
7 9 0 5 0.18955
7 9 1 5 0.2318
7 9 0 6 0.15735
7 9 1 6 0.1963
7 9 0 7 0.1304
7 9 1 7 0.1774
7 9 0 8 0.10705
7 9 1 8 0.1458
7 9 0 9 0.09235
7 9 1 9 0.12695
7 9 0 10 0.0917
7 9 1 10 0.1295
7 10 0 2 0.46535
7 10 1 2 0.5136
7 10 0 3 0.2962
7 10 1 3 0.33485
7 10 0 4 0.22645
7 10 1 4 0.272
7 10 0 5 0.19385
7 10 1 5 0.2207
7 10 0 6 0.1516
7 10 1 6 0.20405
7 10 0 7 0.1281
7 10 1 7 0.1747
7 10 0 8 0.1109
7 10 1 8 0.1431
7 10 0 9 0.09275
7 10 1 9 0.13845
7 10 0 10 0.0854
7 10 1 10 0.125
7 11 0 2 0.4934
7 11 1 2 0.5229
7 11 0 3 0.32345
7 11 1 3 0.35735
7 11 0 4 0.23505
7 11 1 4 0.26675
7 11 0 5 0.1895
7 11 1 5 0.21845
7 11 0 6 0.15605
7 11 1 6 0.19345
7 11 0 7 0.12975
7 11 1 7 0.16785
7 11 0 8 0.1099
7 11 1 8 0.1458
7 11 0 9 0.08825
7 11 1 9 0.13325
7 11 0 10 0.08365
7 11 1 10 0.11635
7 12 0 2 0.51455
7 12 1 2 0.53955
7 12 0 3 0.3273
7 12 1 3 0.36635
7 12 0 4 0.23635
7 12 1 4 0.2748
7 12 0 5 0.18385
7 12 1 5 0.22255
7 12 0 6 0.1459
7 12 1 6 0.191
7 12 0 7 0.1319
7 12 1 7 0.1793
7 12 0 8 0.10575
7 12 1 8 0.1462
7 12 0 9 0.09045
7 12 1 9 0.1346
7 12 0 10 0.0789
7 12 1 10 0.11995
7 13 0 2 0.54515
7 13 1 2 0.5699
7 13 0 3 0.3552
7 13 1 3 0.3888
7 13 0 4 0.2604
7 13 1 4 0.30495
7 13 0 5 0.2016
7 13 1 5 0.23645
7 13 0 6 0.1681
7 13 1 6 0.2112
7 13 0 7 0.1417
7 13 1 7 0.18205
7 13 0 8 0.1161
7 13 1 8 0.15535
7 13 0 9 0.09875
7 13 1 9 0.1569
7 13 0 10 0.0925
7 13 1 10 0.13445
7 14 0 2 0.59185
7 14 1 2 0.60055
7 14 0 3 0.3995
7 14 1 3 0.4279
7 14 0 4 0.288
7 14 1 4 0.3343
7 14 0 5 0.2255
7 14 1 5 0.25915
7 14 0 6 0.17745
7 14 1 6 0.213
7 14 0 7 0.1568
7 14 1 7 0.1948
7 14 0 8 0.1308
7 14 1 8 0.179
7 14 0 9 0.11385
7 14 1 9 0.1537
7 14 0 10 0.1035
7 14 1 10 0.15245
8 8 0 2 0.6756
8 8 0 3 0.4875
8 8 0 4 0.3635
8 8 0 5 0.3023
8 8 0 6 0.2445
8 8 0 7 0.20895
8 8 0 8 0.1752
8 8 0 9 0.14785
8 8 0 10 0.1408
8 9 0 2 0.48195
8 9 1 2 0.50065
8 9 0 3 0.3233
8 9 1 3 0.3484
8 9 0 4 0.24385
8 9 1 4 0.2747
8 9 0 5 0.20835
8 9 1 5 0.2491
8 9 0 6 0.16995
8 9 1 6 0.2121
8 9 0 7 0.1471
8 9 1 7 0.1844
8 9 0 8 0.12565
8 9 1 8 0.16065
8 9 0 9 0.1002
8 9 1 9 0.13855
8 9 0 10 0.0996
8 9 1 10 0.1311
8 10 0 2 0.4867
8 10 1 2 0.518
8 10 0 3 0.319
8 10 1 3 0.3653
8 10 0 4 0.24605
8 10 1 4 0.2848
8 10 0 5 0.2047
8 10 1 5 0.2573
8 10 0 6 0.1731
8 10 1 6 0.21145
8 10 0 7 0.1504
8 10 1 7 0.191
8 10 0 8 0.1267
8 10 1 8 0.1653
8 10 0 9 0.10435
8 10 1 9 0.14845
8 10 0 10 0.0929
8 10 1 10 0.129
8 11 0 2 0.50745
8 11 1 2 0.53945
8 11 0 3 0.3398
8 11 1 3 0.3746
8 11 0 4 0.2468
8 11 1 4 0.29095
8 11 0 5 0.2055
8 11 1 5 0.24275
8 11 0 6 0.17035
8 11 1 6 0.2122
8 11 0 7 0.1444
8 11 1 7 0.1909
8 11 0 8 0.12425
8 11 1 8 0.16685
8 11 0 9 0.10885
8 11 1 9 0.14
8 11 0 10 0.0925
8 11 1 10 0.13205
8 12 0 2 0.5359
8 12 1 2 0.5625
8 12 0 3 0.3517
8 12 1 3 0.38425
8 12 0 4 0.2493
8 12 1 4 0.29475
8 12 0 5 0.19985
8 12 1 5 0.24395
8 12 0 6 0.1635
8 12 1 6 0.213
8 12 0 7 0.1445
8 12 1 7 0.19065
8 12 0 8 0.12425
8 12 1 8 0.17175
8 12 0 9 0.10285
8 12 1 9 0.14785
8 12 0 10 0.09055
8 12 1 10 0.13135
8 13 0 2 0.5603
8 13 1 2 0.57015
8 13 0 3 0.3709
8 13 1 3 0.39675
8 13 0 4 0.27505
8 13 1 4 0.3157
8 13 0 5 0.206
8 13 1 5 0.24805
8 13 0 6 0.17205
8 13 1 6 0.2164
8 13 0 7 0.14645
8 13 1 7 0.19655
8 13 0 8 0.12645
8 13 1 8 0.17025
8 13 0 9 0.1075
8 13 1 9 0.1479
8 13 0 10 0.0971
8 13 1 10 0.13605
8 14 0 2 0.5882
8 14 1 2 0.6149
8 14 0 3 0.4113
8 14 1 3 0.43655
8 14 0 4 0.29935
8 14 1 4 0.3375
8 14 0 5 0.2306
8 14 1 5 0.27125
8 14 0 6 0.1877
8 14 1 6 0.23375
8 14 0 7 0.16535
8 14 1 7 0.2077
8 14 0 8 0.14435
8 14 1 8 0.1839
8 14 0 9 0.11925
8 14 1 9 0.1705
8 14 0 10 0.10935
8 14 1 10 0.14725
9 9 0 2 0.719
9 9 0 3 0.5299
9 9 0 4 0.40235
9 9 0 5 0.32725
9 9 0 6 0.27135
9 9 0 7 0.2222
9 9 0 8 0.2005
9 9 0 9 0.15965
9 9 0 10 0.14775
9 10 0 2 0.513
9 10 1 2 0.54675
9 10 0 3 0.35215
9 10 1 3 0.38895
9 10 0 4 0.2664
9 10 1 4 0.3083
9 10 0 5 0.2266
9 10 1 5 0.26175
9 10 0 6 0.19315
9 10 1 6 0.23545
9 10 0 7 0.16075
9 10 1 7 0.2044
9 10 0 8 0.1404
9 10 1 8 0.1779
9 10 0 9 0.12165
9 10 1 9 0.1592
9 10 0 10 0.10415
9 10 1 10 0.15175
9 11 0 2 0.5372
9 11 1 2 0.54915
9 11 0 3 0.35975
9 11 1 3 0.38975
9 11 0 4 0.2692
9 11 1 4 0.30235
9 11 0 5 0.22075
9 11 1 5 0.25745
9 11 0 6 0.18915
9 11 1 6 0.2361
9 11 0 7 0.16485
9 11 1 7 0.1988
9 11 0 8 0.14605
9 11 1 8 0.18405
9 11 0 9 0.118
9 11 1 9 0.16315
9 11 0 10 0.1015
9 11 1 10 0.1404
9 12 0 2 0.5576
9 12 1 2 0.5894
9 12 0 3 0.37385
9 12 1 3 0.40365
9 12 0 4 0.27555
9 12 1 4 0.31655
9 12 0 5 0.22585
9 12 1 5 0.26145
9 12 0 6 0.1928
9 12 1 6 0.2202
9 12 0 7 0.16705
9 12 1 7 0.20455
9 12 0 8 0.14155
9 12 1 8 0.18395
9 12 0 9 0.12135
9 12 1 9 0.158
9 12 0 10 0.11165
9 12 1 10 0.1459
9 13 0 2 0.5708
9 13 1 2 0.59655
9 13 0 3 0.3924
9 13 1 3 0.42525
9 13 0 4 0.2849
9 13 1 4 0.33615
9 13 0 5 0.2301
9 13 1 5 0.2679
9 13 0 6 0.1934
9 13 1 6 0.2355
9 13 0 7 0.17435
9 13 1 7 0.2108
9 13 0 8 0.14835
9 13 1 8 0.18675
9 13 0 9 0.1232
9 13 1 9 0.16555
9 13 0 10 0.1104
9 13 1 10 0.14705
9 14 0 2 0.61585
9 14 1 2 0.64085
9 14 0 3 0.4188
9 14 1 3 0.4525
9 14 0 4 0.3122
9 14 1 4 0.3425
9 14 0 5 0.24385
9 14 1 5 0.28625
9 14 0 6 0.1975
9 14 1 6 0.2378
9 14 0 7 0.1681
9 14 1 7 0.21895
9 14 0 8 0.15385
9 14 1 8 0.191
9 14 0 9 0.1305
9 14 1 9 0.1744
9 14 0 10 0.1116
9 14 1 10 0.1548
10 10 0 2 0.74585
10 10 0 3 0.56055
10 10 0 4 0.4389
10 10 0 5 0.35745
10 10 0 6 0.2943
10 10 0 7 0.2562
10 10 0 8 0.2122
10 10 0 9 0.19245
10 10 0 10 0.16725
10 11 0 2 0.55495
10 11 1 2 0.5867
10 11 0 3 0.38675
10 11 1 3 0.4162
10 11 0 4 0.2923
10 11 1 4 0.33115
10 11 0 5 0.24295
10 11 1 5 0.28485
10 11 0 6 0.2164
10 11 1 6 0.25605
10 11 0 7 0.19105
10 11 1 7 0.2219
10 11 0 8 0.1685
10 11 1 8 0.2012
10 11 0 9 0.13985
10 11 1 9 0.17665
10 11 0 10 0.12795
10 11 1 10 0.15865
10 12 0 2 0.5836
10 12 1 2 0.6033
10 12 0 3 0.4
10 12 1 3 0.4307
10 12 0 4 0.31545
10 12 1 4 0.34085
10 12 0 5 0.2475
10 12 1 5 0.28095
10 12 0 6 0.22485
10 12 1 6 0.26255
10 12 0 7 0.19265
10 12 1 7 0.22815
10 12 0 8 0.17145
10 12 1 8 0.20295
10 12 0 9 0.142
10 12 1 9 0.18845
10 12 0 10 0.126
10 12 1 10 0.1741
10 13 0 2 0.6053
10 13 1 2 0.6259
10 13 0 3 0.41665
10 13 1 3 0.448
10 13 0 4 0.3302
10 13 1 4 0.3446
10 13 0 5 0.2664
10 13 1 5 0.29245
10 13 0 6 0.22275
10 13 1 6 0.2516
10 13 0 7 0.19975
10 13 1 7 0.2377
10 13 0 8 0.17035
10 13 1 8 0.21255
10 13 0 9 0.1541
10 13 1 9 0.18725
10 13 0 10 0.1252
10 13 1 10 0.16725
10 14 0 2 0.63375
10 14 1 2 0.6496
10 14 0 3 0.4397
10 14 1 3 0.4772
10 14 0 4 0.33375
10 14 1 4 0.37115
10 14 0 5 0.2676
10 14 1 5 0.30515
10 14 0 6 0.2296
10 14 1 6 0.2609
10 14 0 7 0.2063
10 14 1 7 0.23945
10 14 0 8 0.1763
10 14 1 8 0.21765
10 14 0 9 0.1507
10 14 1 9 0.18765
10 14 0 10 0.1367
10 14 1 10 0.1709
11 11 0 2 0.77465
11 11 0 3 0.61835
11 11 0 4 0.48715
11 11 0 5 0.40845
11 11 0 6 0.3439
11 11 0 7 0.28215
11 11 0 8 0.25255
11 11 0 9 0.22065
11 11 0 10 0.18465
11 12 0 2 0.57885
11 12 1 2 0.6093
11 12 0 3 0.411
11 12 1 3 0.4551
11 12 0 4 0.31
11 12 1 4 0.35785
11 12 0 5 0.2626
11 12 1 5 0.2954
11 12 0 6 0.2272
11 12 1 6 0.2623
11 12 0 7 0.20495
11 12 1 7 0.2511
11 12 0 8 0.1814
11 12 1 8 0.21415
11 12 0 9 0.15725
11 12 1 9 0.1856
11 12 0 10 0.1333
11 12 1 10 0.1665
11 13 0 2 0.61235
11 13 1 2 0.63315
11 13 0 3 0.43345
11 13 1 3 0.46905
11 13 0 4 0.3315
11 13 1 4 0.3618
11 13 0 5 0.2651
11 13 1 5 0.30615
11 13 0 6 0.23625
11 13 1 6 0.27105
11 13 0 7 0.2113
11 13 1 7 0.24835
11 13 0 8 0.191
11 13 1 8 0.2145
11 13 0 9 0.1557
11 13 1 9 0.2016
11 13 0 10 0.14185
11 13 1 10 0.17765
11 14 0 2 0.6373
11 14 1 2 0.6609
11 14 0 3 0.45675
11 14 1 3 0.4796
11 14 0 4 0.3552
11 14 1 4 0.3848
11 14 0 5 0.27985
11 14 1 5 0.3184
11 14 0 6 0.24865
11 14 1 6 0.29
11 14 0 7 0.21215
11 14 1 7 0.24735
11 14 0 8 0.18785
11 14 1 8 0.226
11 14 0 9 0.17315
11 14 1 9 0.2075
11 14 0 10 0.1398
11 14 1 10 0.19185
12 12 0 2 0.8011
12 12 0 3 0.647
12 12 0 4 0.53735
12 12 0 5 0.444
12 12 0 6 0.3718
12 12 0 7 0.3289
12 12 0 8 0.2854
12 12 0 9 0.25225
12 12 0 10 0.21465
12 13 0 2 0.6165
12 13 1 2 0.6325
12 13 0 3 0.45465
12 13 1 3 0.4739
12 13 0 4 0.34055
12 13 1 4 0.3766
12 13 0 5 0.287
12 13 1 5 0.32035
12 13 0 6 0.2468
12 13 1 6 0.28335
12 13 0 7 0.22385
12 13 1 7 0.2567
12 13 0 8 0.198
12 13 1 8 0.2392
12 13 0 9 0.1731
12 13 1 9 0.20815
12 13 0 10 0.153
12 13 1 10 0.18895
12 14 0 2 0.6514
12 14 1 2 0.66745
12 14 0 3 0.47975
12 14 1 3 0.5081
12 14 0 4 0.36565
12 14 1 4 0.3944
12 14 0 5 0.2919
12 14 1 5 0.328
12 14 0 6 0.2549
12 14 1 6 0.2947
12 14 0 7 0.2309
12 14 1 7 0.2669
12 14 0 8 0.21185
12 14 1 8 0.2413
12 14 0 9 0.1799
12 14 1 9 0.2192
12 14 0 10 0.1588
12 14 1 10 0.18745
13 13 0 2 0.8248
13 13 0 3 0.68825
13 13 0 4 0.5894
13 13 0 5 0.49325
13 13 0 6 0.42715
13 13 0 7 0.38125
13 13 0 8 0.32885
13 13 0 9 0.30025
13 13 0 10 0.2633
13 14 0 2 0.65965
13 14 1 2 0.6762
13 14 0 3 0.48855
13 14 1 3 0.5092
13 14 0 4 0.3887
13 14 1 4 0.41645
13 14 0 5 0.3107
13 14 1 5 0.34605
13 14 0 6 0.27385
13 14 1 6 0.30275
13 14 0 7 0.24595
13 14 1 7 0.2856
13 14 0 8 0.2199
13 14 1 8 0.26065
13 14 0 9 0.2026
13 14 1 9 0.2423
13 14 0 10 0.16985
13 14 1 10 0.2086
14 14 0 2 0.85345
14 14 0 3 0.7323
14 14 0 4 0.6382
14 14 0 5 0.55195
14 14 0 6 0.4808
14 14 0 7 0.42685
14 14 0 8 0.38475
14 14 0 9 0.35515
14 14 0 10 0.32
